0
1310720
2621440
3670016
4718592
5767168
6815744
7864320
8650752
9437184
10223616
11010048
11796480
12582912
13369344
14155776
14680064
15204352
15728640
16252928
16777216
17301504
17825792
18087936
18350080
18612224
18874368
19136512
19398656
19660800
19922944
20185088
20447232
20709376
20971520
21233664
21495808
21757952
22020096
22282240
22544384
22806528
23068672
23330816
23592960
23855104
24117248
24379392
24641536
24903680
25165824
25427968
25690112
25952256
26214400
26476544
26738688
27000832
27262976
27525120
27787264
28049408
28311552
28573696
28835840
29097984
29360128
29622272
29884416
30146560
30408704
30670848
30932992
31195136
31457280
31719424
31981568
32243712
32505856
32768000
33030144
33292288
33554432
33816576
34078720
34340864
34603008
34865152
35127296
35389440
35651584
35913728
36175872
36438016
